000 18
001 14
002 17
003 17
004 16
005 17
006 18
007 15
008 19
009 17
010 14
011 10
012 13
013 13
014 12
015 13
016 14
017 11
018 15
019 13
020 17
021 13
022 16
023 16
024 15
025 16
026 17
027 14
028 18
029 16
030 17
031 13
032 16
033 16
034 15
035 16
036 17
037 14
038 18
039 16
040 16
041 12
042 15
043 15
044 14
045 15
046 16
047 13
048 17
049 15
050 17
051 13
052 16
053 16
054 15
055 16
056 17
057 14
058 18
059 16
060 18
061 14
062 17
063 17
064 16
065 17
066 18
067 15
068 19
069 17
070 15
071 11
072 14
073 14
074 13
075 14
076 15
077 12
078 16
079 14
080 19
081 15
082 18
083 18
084 17
085 18
086 19
087 16
088 20
089 18
090 17
091 13
092 16
093 16
094 15
095 16
096 17
097 14
098 18
099 16
100 14
101 10
102 13
103 13
104 12
105 13
106 14
107 11
108 15
109 13
110 10
111 6
112 9
113 9
114 8
115 9
116 10
117 7
118 11
119 9
120 13
121 9
122 12
123 12
124 11
125 12
126 13
127 10
128 14
129 12
130 13
131 9
132 12
133 12
134 11
135 12
136 13
137 10
138 14
139 12
140 12
141 8
142 11
143 11
144 10
145 11
146 12
147 9
148 13
149 11
150 13
151 9
152 12
153 12
154 11
155 12
156 13
157 10
158 14
159 12
160 14
161 10
162 13
163 13
164 12
165 13
166 14
167 11
168 15
169 13
170 11
171 7
172 10
173 10
174 9
175 10
176 11
177 8
178 12
179 10
180 15
181 11
182 14
183 14
184 13
185 14
186 15
187 12
188 16
189 14
190 13
191 9
192 12
193 12
194 11
195 12
196 13
197 10
198 14
199 12
200 17
201 13
202 16
203 16
204 15
205 16
206 17
207 14
208 18
209 16
210 13
211 9
212 12
213 12
214 11
215 12
216 13
217 10
218 14
219 12
220 16
221 12
222 15
223 15
224 14
225 15
226 16
227 13
228 17
229 15
230 16
231 12
232 15
233 15
234 14
235 15
236 16
237 13
238 17
239 15
240 15
241 11
242 14
243 14
244 13
245 14
246 15
247 12
248 16
249 14
250 16
251 12
252 15
253 15
254 14
255 15
256 16
257 13
258 17
259 15
260 17
261 13
262 16
263 16
264 15
265 16
266 17
267 14
268 18
269 16
270 14
271 10
272 13
273 13
274 12
275 13
276 14
277 11
278 15
279 13
280 18
281 14
282 17
283 17
284 16
285 17
286 18
287 15
288 19
289 17
290 16
291 12
292 15
293 15
294 14
295 15
296 16
297 13
298 17
299 15
300 17
301 13
302 16
303 16
304 15
305 16
306 17
307 14
308 18
309 16
310 13
311 9
312 12
313 12
314 11
315 12
316 13
317 10
318 14
319 12
320 16
321 12
322 15
323 15
324 14
325 15
326 16
327 13
328 17
329 15
330 16
331 12
332 15
333 15
334 14
335 15
336 16
337 13
338 17
339 15
340 15
341 11
342 14
343 14
344 13
345 14
346 15
347 12
348 16
349 14
350 16
351 12
352 15
353 15
354 14
355 15
356 16
357 13
358 17
359 15
360 17
361 13
362 16
363 16
364 15
365 16
366 17
367 14
368 18
369 16
370 14
371 10
372 13
373 13
374 12
375 13
376 14
377 11
378 15
379 13
380 18
381 14
382 17
383 17
384 16
385 17
386 18
387 15
388 19
389 17
390 16
391 12
392 15
393 15
394 14
395 15
396 16
397 13
398 17
399 15
400 16
401 12
402 15
403 15
404 14
405 15
406 16
407 13
408 17
409 15
410 12
411 8
412 11
413 11
414 10
415 11
416 12
417 9
418 13
419 11
420 15
421 11
422 14
423 14
424 13
425 14
426 15
427 12
428 16
429 14
430 15
431 11
432 14
433 14
434 13
435 14
436 15
437 12
438 16
439 14
440 14
441 10
442 13
443 13
444 12
445 13
446 14
447 11
448 15
449 13
450 15
451 11
452 14
453 14
454 13
455 14
456 15
457 12
458 16
459 14
460 16
461 12
462 15
463 15
464 14
465 15
466 16
467 13
468 17
469 15
470 13
471 9
472 12
473 12
474 11
475 12
476 13
477 10
478 14
479 12
480 17
481 13
482 16
483 16
484 15
485 16
486 17
487 14
488 18
489 16
490 15
491 11
492 14
493 14
494 13
495 14
496 15
497 12
498 16
499 14
500 17
501 13
502 16
503 16
504 15
505 16
506 17
507 14
508 18
509 16
510 13
511 9
512 12
513 12
514 11
515 12
516 13
517 10
518 14
519 12
520 16
521 12
522 15
523 15
524 14
525 15
526 16
527 13
528 17
529 15
530 16
531 12
532 15
533 15
534 14
535 15
536 16
537 13
538 17
539 15
540 15
541 11
542 14
543 14
544 13
545 14
546 15
547 12
548 16
549 14
550 16
551 12
552 15
553 15
554 14
555 15
556 16
557 13
558 17
559 15
560 17
561 13
562 16
563 16
564 15
565 16
566 17
567 14
568 18
569 16
570 14
571 10
572 13
573 13
574 12
575 13
576 14
577 11
578 15
579 13
580 18
581 14
582 17
583 17
584 16
585 17
586 18
587 15
588 19
589 17
590 16
591 12
592 15
593 15
594 14
595 15
596 16
597 13
598 17
599 15
600 18
601 14
602 17
603 17
604 16
605 17
606 18
607 15
608 19
609 17
610 14
611 10
612 13
613 13
614 12
615 13
616 14
617 11
618 15
619 13
620 17
621 13
622 16
623 16
624 15
625 16
626 17
627 14
628 18
629 16
630 17
631 13
632 16
633 16
634 15
635 16
636 17
637 14
638 18
639 16
640 16
641 12
642 15
643 15
644 14
645 15
646 16
647 13
648 17
649 15
650 17
651 13
652 16
653 16
654 15
655 16
656 17
657 14
658 18
659 16
660 18
661 14
662 17
663 17
664 16
665 17
666 18
667 15
668 19
669 17
670 15
671 11
672 14
673 14
674 13
675 14
676 15
677 12
678 16
679 14
680 19
681 15
682 18
683 18
684 17
685 18
686 19
687 16
688 20
689 18
690 17
691 13
692 16
693 16
694 15
695 16
696 17
697 14
698 18
699 16
700 15
701 11
702 14
703 14
704 13
705 14
706 15
707 12
708 16
709 14
710 11
711 7
712 10
713 10
714 9
715 10
716 11
717 8
718 12
719 10
720 14
721 10
722 13
723 13
724 12
725 13
726 14
727 11
728 15
729 13
730 14
731 10
732 13
733 13
734 12
735 13
736 14
737 11
738 15
739 13
740 13
741 9
742 12
743 12
744 11
745 12
746 13
747 10
748 14
749 12
750 14
751 10
752 13
753 13
754 12
755 13
756 14
757 11
758 15
759 13
760 15
761 11
762 14
763 14
764 13
765 14
766 15
767 12
768 16
769 14
770 12
771 8
772 11
773 11
774 10
775 11
776 12
777 9
778 13
779 11
780 16
781 12
782 15
783 15
784 14
785 15
786 16
787 13
788 17
789 15
790 14
791 10
792 13
793 13
794 12
795 13
796 14
797 11
798 15
799 13
800 19
801 15
802 18
803 18
804 17
805 18
806 19
807 16
808 20
809 18
810 15
811 11
812 14
813 14
814 13
815 14
816 15
817 12
818 16
819 14
820 18
821 14
822 17
823 17
824 16
825 17
826 18
827 15
828 19
829 17
830 18
831 14
832 17
833 17
834 16
835 17
836 18
837 15
838 19
839 17
840 17
841 13
842 16
843 16
844 15
845 16
846 17
847 14
848 18
849 16
850 18
851 14
852 17
853 17
854 16
855 17
856 18
857 15
858 19
859 17
860 19
861 15
862 18
863 18
864 17
865 18
866 19
867 16
868 20
869 18
870 16
871 12
872 15
873 15
874 14
875 15
876 16
877 13
878 17
879 15
880 20
881 16
882 19
883 19
884 18
885 19
886 20
887 17
888 21
889 19
890 18
891 14
892 17
893 17
894 16
895 17
896 18
897 15
898 19
899 17
900 17
901 13
902 16
903 16
904 15
905 16
906 17
907 14
908 18
909 16
910 13
911 9
912 12
913 12
914 11
915 12
916 13
917 10
918 14
919 12
920 16
921 12
922 15
923 15
924 14
925 15
926 16
927 13
928 17
929 15
930 16
931 12
932 15
933 15
934 14
935 15
936 16
937 13
938 17
939 15
940 15
941 11
942 14
943 14
944 13
945 14
946 15
947 12
948 16
949 14
950 16
951 12
952 15
953 15
954 14
955 15
956 16
957 13
958 17
959 15
960 17
961 13
962 16
963 16
964 15
965 16
966 17
967 14
968 18
969 16
970 14
971 10
972 13
973 13
974 12
975 13
976 14
977 11
978 15
979 13
980 18
981 14
982 17
983 17
984 16
985 17
986 18
987 15
988 19
989 17
990 16
991 12
992 15
993 15
994 14
995 15
996 16
997 13
998 17
999 15
