    
[0, 1,  0,  0,  0,  0,  0, 0, 0, 0]1~1 1bit
[0, 2,  0,  0,  0,  0,  0, 0, 0, 0]1~2 1bit
[0, 3,  1,  0,  0,  0,  0, 0, 0, 0]1~4 1bit
[0, 4,  3,  1,  0,  0,  0, 0, 0, 0]...
[0, 5,  6,  4,  1,  0,  0, 0, 0, 0] <= '4' in index [3]: '4' numbers in 1~16 has [three] ones
[0, 6, 10, 10,  5,  1,  0, 0, 0, 0]
[0, 7, 15, 20, 15,  6,  1, 0, 0, 0]
[0, 8, 21, 35, 35, 21,  7, 1, 0, 0]
[0, 9, 28, 56, 70, 56, 28, 8, 1, 0]1~256 1bit

[0, 8, 25, 41, 39, 21,  7, 1, 0, 0] 2+4+8+128 lbit

[0, 8, 21, 35, 35, 21,  7, 1, 0, 0] 128
    [0, 4,  3,  1,  0,  0, 0, 0, 0, 0] 8
        [0, 3,  1,  0,  0, 0, 0, 0, 0, 0] 4
            [0, 2,  0,  0, 0, 0, 0, 0, 0, 0] 2

1. 60*60짜리 dp 테이블 만들기
2. 테이블 연산
3. 1~60까지는 k값 전처리