25 25
0110100110001010001101111
0110010100000101011111110
1010110000100010011100101
0000101001110000010100100
1110101110101111110000000
0011011101011010111000101
1010101011000100001000010
0010110001111000000101110
1001001011011100011000010
0101110101000110100100011
1010100111110101010100111
1110000111011100001000101
0010101100101001010110111
0111111000111000100110101
0010100010010000001001000
0010111111111000011000010
0101000000110100111001111
0101101011011110110010000
1101011001000011101001110
0011010111011101001011000
1111001101010101010100000
1001010110001011000111001
1001111000000010000001101
0111010101001001100001001
1111101101000011001101100
